3
9
27
81
243
729
2187
6561
19683
59049
177147
531441
1594323
4782969
14348907
43046721
129140163
387420489
1162261467
3486784401
10460353203
31381059609
94143178827
282429536481
847288609443
2541865828329
7625597484987
22876792454961
68630377364883
205891132094649
617673396283947
1853020188851841
5559060566555523
16677181699666569
50031545098999707
150094635296999121
450283905890997363
1350851717672992089
4052555153018976267
12157665459056928801
36472996377170786403
109418989131512359209
328256967394537077627
984770902183611232881
2954312706550833698643
8862938119652501095929
26588814358957503287787
79766443076872509863361
239299329230617529590083
717897987691852588770249
2153693963075557766310747
6461081889226673298932241
19383245667680019896796723
58149737003040059690390169
174449211009120179071170507
523347633027360537213511521
1570042899082081611640534563
4710128697246244834921603689
14130386091738734504764811067
42391158275216203514294433201
127173474825648610542883299603
381520424476945831628649898809
1144561273430837494885949696427
3433683820292512484657849089281
10301051460877537453973547267843
30903154382632612361920641803529
92709463147897837085761925410587
278128389443693511257285776231761
834385168331080533771857328695283
2503155504993241601315571986085849
7509466514979724803946715958257547
22528399544939174411840147874772641
67585198634817523235520443624317923
202755595904452569706561330872953769
608266787713357709119683992618861307
1824800363140073127359051977856583921
5474401089420219382077155933569751763
16423203268260658146231467800709255289
49269609804781974438694403402127765867
147808829414345923316083210206383297601
443426488243037769948249630619149892803
1330279464729113309844748891857449678409
3990838394187339929534246675572349035227
11972515182562019788602740026717047105681
35917545547686059365808220080151141317043
107752636643058178097424660240453423951129
323257909929174534292273980721360271853387
969773729787523602876821942164080815560161
2909321189362570808630465826492242446680483
8727963568087712425891397479476727340041449
26183890704263137277674192438430182020124347
78551672112789411833022577315290546060373041
235655016338368235499067731945871638181119123
706965049015104706497203195837614914543357369
2120895147045314119491609587512844743630072107
6362685441135942358474828762538534230890216321
19088056323407827075424486287615602692670648963
57264168970223481226273458862846808078011946889
171792506910670443678820376588540424234035840667
515377520732011331036461129765621272702107522001
1546132562196033993109383389296863818106322566003
4638397686588101979328150167890591454318967698009
13915193059764305937984450503671774362956903094027
41745579179292917813953351511015323088870709282081
125236737537878753441860054533045969266612127846243
375710212613636260325580163599137907799836383538729
1127130637840908780976740490797413723399509150616187
3381391913522726342930221472392241170198527451848561
10144175740568179028790664417176723510595582355545683
30432527221704537086371993251530170531786747066637049
91297581665113611259115979754590511595360241199911147
273892744995340833777347939263771534786080723599733441
821678234986022501332043817791314604358242170799200323
2465034704958067503996131453373943813074726512397600969
7395104114874202511988394360121831439224179537192802907
22185312344622607535965183080365494317672538611578408721
66555937033867822607895549241096482953017615834735226163
199667811101603467823686647723289448859052847504205678489
599003433304810403471059943169868346577158542512617035467
1797010299914431210413179829509605039731475627537851106401
5391030899743293631239539488528815119194426882613553319203
16173092699229880893718618465586445357583280647840659957609
48519278097689642681155855396759336072749841943521979872827
145557834293068928043467566190278008218249525830565939618481
436673502879206784130402698570834024654748577491697818855443
1310020508637620352391208095712502073964245732475093456566329
3930061525912861057173624287137506221892737197425280369698987
11790184577738583171520872861412518665678211592275841109096961
35370553733215749514562618584237555997034634776827523327290883
106111661199647248543687855752712667991103904330482569981872649
318334983598941745631063567258138003973311712991447709945617947
955004950796825236893190701774414011919935138974343129836853841
2865014852390475710679572105323242035759805416923029389510561523
8595044557171427132038716315969726107279416250769088168531684569
25785133671514281396116148947909178321838248752307264505595053707
77355401014542844188348446843727534965514746256921793516785161121
232066203043628532565045340531182604896544238770765380550355483363
696198609130885597695136021593547814689632716312296141651066450089
2088595827392656793085408064780643444068898148936888424953199350267
6265787482177970379256224194341930332206694446810665274859598050801
18797362446533911137768672583025790996620083340431995824578794152403
56392087339601733413306017749077372989860250021295987473736382457209
169176262018805200239918053247232118969580750063887962421209147371627
507528786056415600719754159741696356908742250191663887263627442114881
1522586358169246802159262479225089070726226750574991661790882326344643
4567759074507740406477787437675267212178680251724974985372646979033929
13703277223523221219433362313025801636536040755174924956117940937101787
41109831670569663658300086939077404909608122265524774868353822811305361
123329495011708990974900260817232214728824366796574324605061468433916083
369988485035126972924700782451696644186473100389722973815184405301748249
1109965455105380918774102347355089932559419301169168921445553215905244747
3329896365316142756322307042065269797678257903507506764336659647715734241
9989689095948428268966921126195809393034773710522520293009978943147202723
29969067287845284806900763378587428179104321131567560879029936829441608169
89907201863535854420702290135762284537312963394702682637089810488324824507
269721605590607563262106870407286853611938890184108047911269431464974473521
809164816771822689786320611221860560835816670552324143733808294394923420563
2427494450315468069358961833665581682507450011656972431201424883184770261689
7282483350946404208076885500996745047522350034970917293604274649554310785067
21847450052839212624230656502990235142567050104912751880812823948662932355201
65542350158517637872691969508970705427701150314738255642438471845988797065603
196627050475552913618075908526912116283103450944214766927315415537966391196809
589881151426658740854227725580736348849310352832644300781946246613899173590427
1769643454279976222562683176742209046547931058497932902345838739841697520771281
5308930362839928667688049530226627139643793175493798707037516219525092562313843
15926791088519786003064148590679881418931379526481396121112548658575277686941529
47780373265559358009192445772039644256794138579444188363337645975725833060824587
143341119796678074027577337316118932770382415738332565090012937927177499182473761
430023359390034222082732011948356798311147247214997695270038813781532497547421283
1290070078170102666248196035845070394933441741644993085810116441344597492642263849
3870210234510307998744588107535211184800325224934979257430349324033792477926791547
11610630703530923996233764322605633554400975674804937772291047972101377433780374641
34831892110592771988701292967816900663202927024414813316873143916304132301341123923
104495676331778315966103878903450701989608781073244439950619431748912396904023371769
313487028995334947898311636710352105968826343219733319851858295246737190712070115307
940461086986004843694934910131056317906479029659199959555574885740211572136210345921
2821383260958014531084804730393168953719437088977599878666724657220634716408631037763
8464149782874043593254414191179506861158311266932799636000173971661904149225893113289
25392449348622130779763242573538520583474933800798398908000521914985712447677679339867
76177348045866392339289727720615561750424801402395196724001565744957137343033038019601
228532044137599177017869183161846685251274404207185590172004697234871412029099114058803
685596132412797531053607549485540055753823212621556770516014091704614236087297342176409
2056788397238392593160822648456620167261469637864670311548042275113842708261892026529227
6170365191715177779482467945369860501784408913594010934644126825341528124785676079587681
18511095575145533338447403836109581505353226740782032803932380476024584374357028238763043
55533286725436600015342211508328744516059680222346098411797141428073753123071084716289129
166599860176309800046026634524986233548179040667038295235391424284221259369213254148867387
499799580528929400138079903574958700644537122001114885706174272852663778107639762446602161
1499398741586788200414239710724876101933611366003344657118522818557991334322919287339806483
4498196224760364601242719132174628305800834098010033971355568455673974002968757862019419449
13494588674281093803728157396523884917402502294030101914066705367021922008906273586058258347
40483766022843281411184472189571654752207506882090305742200116101065766026718820758174775041
121451298068529844233553416568714964256622520646270917226600348303197298080156462274524325123
364353894205589532700660249706144892769867561938812751679801044909591894240469386823572975369
1093061682616768598101980749118434678309602685816438255039403134728775682721408160470718926107
3279185047850305794305942247355304034928808057449314765118209404186327048164224481412156778321
9837555143550917382917826742065912104786424172347944295354628212558981144492673444236470334963
29512665430652752148753480226197736314359272517043832886063884637676943433478020332709411004889
88537996291958256446260440678593208943077817551131498658191653913030830300434060998128233014667
265613988875874769338781322035779626829233452653394495974574961739092490901302182994384699044001
